474

Edwards, william, 433.

ΕΜ91919339 343. 349
8163131, (10011309, 357.

INDEX

Fine, Nicholas, 357, 365, 369, 381.
11300101, 1106033, 65.

11313033, 1106031, 403, 449

11311313 ,16013133 337, 363, 363, 375·

81103, dhflstopher, 403-406, 411, 415 381.

419 431437, 439·

8113, Thomas, 65.

3111, 131133, 459.

Ehzabeth, Queen, 394 393499 493
mmmmmmm
439447 431 -434

11196111, ,1133339 ,,361
833131333111113311319457.

En 31336,1 1063333103, 175.

8331336, 1111111333119, 137,173

19931913. 1111911993 71· 33 39

89931033, steph 03, 65

83139113,1ο611,464.

83901033, vid 8993101131.

8393603, Alexander, 463

8133610113, 1063 de, 119

Evebroke, 1011111 ¹²71 1351 1373 1433
349, 363· 367, 373, 373

8333133, 3,65

83011, 353.

81111338633331, 443.

Emogwe (8311301136), 445.

1331311133, william, 277- 379

133133 8031, 360, 406409

1113313310, the Μ31103ο1, 305.

13111303, John, 343.

1031303, Sir John„ 113 ,339

13336133 Ga 33 305.

1333336333, 1507, 63, 63, 67, 333,
1²5, ¹⁶5, 183193. 333·

1330336313 66609, 17.

1330336333, Α66ο3 01, 0313316, 37-37.

1338336331, 833033 01, 17· 27, 61, 63,
1 ·1 93.

rave⁵rsh⁹m 831111101, 67, 69, 39.

1330136313, Μ3903 01, 67, 69, 385·
3 3

1399331136ἓέ 10611, 395.

1016131063, 159.

10133311, 83134336, 135.

Ferasiis, WilJiam (13, 6.

1333333,110339 63, 47.

110330613160, 35, 37, 53.

110330619, 1113311033 01 363, 37.

1331360, vid. Vesey.

Fevre, Ν1060133,65.

11306, 11130333, ’63, 73, 81· 85, 375.

1136 ,1063, 155.
113603 (altos 11006311063, 331.
Fishmarket, the, 437.
1133· Gabriel, 1601113353.
116-601101131, 80103103 (cs. betheline),
F 1135111060133, 1131 ph,7.
1113161111
1113- 111011)ν 103396 457.
11031 ptan,John, 333.
Flemuk, 1106333, 6
11030303, 83, 85.
111100, 1106333, 363 ,337,
10060, vid 10013 31131 110060.
10063, 1101139, 463
10063, Thomas, 371, 460, 463.
10063, 111111313337.

01063, 347 note.
1011033033, 61, 65, 37
1011333033, Μ3901 and 8311111 01,65.
1011333033, 1111113133 ,,457
10013, Thomas (cs F'oche), 344
10160311, Adam, 95.
Ford, 3110 1331313 01, 373.
1036, (1033131 01360, 33.
1033110613, junior, 211.
Fordwich, 61, 333, 335.
1013133106, Mayor and 83111801, 67.
103033, 8633336, 463
1033331111111331,.463
10111113, Martin, 357.
1011109, Thomas, 345
Francis ,1063 63.
13331111383396311, 355.
13331113, Thomas, 353, 355, 463.

130393603, 355.
1103313, 063, 261.

Frik, Ro
Frode, 113310, 175.
Fulke, son 01 11133130, 464.
1111103, ,,,1363363 3,65, 369.
1131133, alter, 331.

Fyneux, Thomas, 343

61331013 1113113360, 344.
6333031063, 141, 145, 151,171,175

0131661063, 441.

junior, 331.

 

