476 11133331

Helvendeu 1111311333. Ι13113. Henry 111113831333333333333.

138 333333. 313 313. 3313331383
11313011,1013,107,157,159 gffissssslsshhffffl 1113157.
1131130311, 10133, 463 11011, 131000, 375
1131333038, 1111111131, 195, 197. 1103013311, Thomas, 345-349, 357, 365,
1131341103, 11111333, 65. 3734601
11330011,10133, 357. 1110010111, 305.

1133001, Thomu, 77· 1111101110105.

11303011, 1111113111, 155, 141, 147. 1111003,1013,65.
113307079111111313, 539 1101173019339
11331011110131367Σ 11011137, 1013, 406, 433, 435, 419,
11303331103, 1111111331, 596, 406, 411, 433. ¹ ·

Hgtffssfflhfflse. 111111111111,
1133037011, 1110130133, 464. Ηο113311, 110337, 375, 459

Eadem, 110317, 15 11011300, 110317, 159.

1133101113, the 1313, 457. Ηο11330, 80103303, 89.

113173010, 11013011, 147. 11011300, Salomon, Alite, 17110 01,
113173010, William, 147. 89

Hatris, John, 561, 586. 1101333301030, 10133, 67.

113131300, clement (11317103), 40⁶ 1101311001, 359

103 1103131101,3313333333337,
1131318131133131113131335· 311131.

Η3117,11101330,105 1101331101331131331393138
1131130011, 110317, 549, 593, 595 Ηο1113,Ν11110130, 53.
113311373,61,65,131·135,453. 1101113,8101103,9

113311373, the 1131111· 01, 65 1103113, Wiffiam⁹ 55, 59, 51-5 5, 458
Η3310,133“11 1133310. 110103, Giles, 197, 459, 461.
Hawafdv Ridmds 4373 45²1 454· Housshamv ¹Jv9¹1 Ι053 ι473 3571463·
1137111133, 1013, 437, 438. 1111013013, W1ll1am 110, 457.
1137113011, William, 335. 1131111137, Peter, 39

1133110, Edmund de, 105, 459 1137130113, John, 65.

1137310, 1101317 110, 458, 4601 11υῇ13003, 10113, 563.

1131710, 1103317 110, 3131111110, wife 01, 113 0, 01313454
458, 4613 113131, 013, 77, 311.
1133137913, 459 11331, 1131 1457. ⁰
Havete, 1010133110, 305, 155. 1111131111 111, 1113101, 311.
11373131133 de, 461. 113331, Thomas, 211.
1137110331, Thomas, 59 1133113 1103, william de 0173103
110311103359 111101, 47. Ι ι
11011107, 11013011, 415, 435, 451. 1133337110111, 1111113113, 457.
11011107, 1101011, Κ3110113011110 01, 11131113,οὶ1111011113.

435, 436, 451. 1171110, 61, 65 103-335.
1107113113, 013, 67. 1171110, Β311111 01, 65.
fleury 1113363. 13133314,

131, 179 1313311111), Τ1030310101, 319
11031711, 137-153‚ 157, 165-171. 130, 1110311313, 337.
1103171Ι.,175-179 130, Thomas, 343.

Henry Vh, 183. 19⁵·199‚ 205, 209-

315, 331-339, 349 1110013, 1113713454.

1101137 v11., 275·277, 380, 385, 397, 13001, 1111111313, 361.

mmm. 33110103.

 

