INDEX Ἰ 47 5
(1212, John, 207, 209 (10(111112,1111112121,202101,437.

(1212, valentine, 89. Goldine, Henry, 63.

(123122, Α1122, 133 Goldsmith, John, 223.

(123121, John, 1 1, 133. Goldsmith, Thomas, 67.
Geddes, John, (iy. (1011122011, john, 273

(1211123, John, 81, 83. (10121212, Absalom, son 01, 437.
(1211123, Thomas, 131, 439 (10121222, Μ21122112, 2011 01, 437.
(121202, 83, 83. (10121, Β21112010121212, 227.
(120132, “ 811,”9 (1010112, John, 33, 33.

6201112111· GoodaliJohnaia
(12013212112111, 33 263, 423, 4211434. (10012, vui (1022

(121. . ,(2121 11219212) William, 147. (10012123,Τ1011122, 433, 446.
ῦ21111211,1111112221,7. - Gore, Thomas, 195, 223, 232, 237,
(121222, Thomas, 269, 271. 243, 261, 463.
(121122, Thomas, Johanna, 21112 01, Gorisende, 181.
(11221ζὲ2, the small, 4⁶4· ghilgerf'i'hhnihesssrzyighffis, 460, 463.
(11021221, 363. (1121112321,1121112111, 333, 337.
(1112122, 1111112111, 49 (11221111, Simon, 277-279.
(1112122, 1111112111, junior, 49, 32. (1122121121, 383.
(111122, 1111112111, junior, Margaret, (1123013,(1121122211,349.
,11112 01, 49, 31. (1121122112, 39
(12121222, John, 227. (111332, Richard, 193, 223, 272.
(11121222, 1112122111403. (11122, Roget, 400, 441.
Gibbon, John, 73 (11211212, Thomas, 439, 461.
(1111111461 Guldebard, Ν 12120122, 103
(111216001112462. (12112223,Ήο11222,277-279
(11122, kibo, 123, 129, 133-141. (12221022, 1)1021121112 01, 13.
(11122, 012211, 343, 393 (11221011, John 01, 438.
Giles, Rohen, Α1222, wife 01, 393 (12221012, Peter, 137.
Giles, Simon, 33. (12221011, 1111112211, 231.
(11122,51291212, 337.
(111221101122, 147, 137, 439 11221211, James de, 437.
Giles, william, 352 391 Ι452 375“3792 Hadd⁰¹²¹ J⁰h¹² de, ⁶5·
,232 191, 458· Halbrooklaod. 252
(12112123, 82121012, 591 Hales, Chnstopher, 1111. (12122121,
(1111111 ,SimomA 22211201, 39 339
(11101 ,(1201112 ,gh Hales, John, Bn. 01 112 Exchq.
6212111212,62,11,11,22,222121. aas
(1112221911,11313111123117111,Ι 42123 ἓξὲξ liiii 81146341, 39, 93, 97, 102,
6102222121, 17, 19. 119 127, 129, 133, 438, 439
(1102222121, 1121191123, 1122112 01, 219 11211, Ν1210122 21, 31, 63, 71, 73, 77,
(1101121, 11012211, 131, 439 93, 438.
(1132111, 1122113, 8 Hall, 8121101121, 39.
(11221992, John, 339 Η211, Thomas 21, 147.
(1212292113, Richard, 33. 11211, 1111112212 21, 11, 29, 31, 33, 469
(101ὲ2292123, Richard, Margaret, dr. Hali, 1613112211 21,Α122121112,1221201,
0 3 2
Godesiieny, Thomas, 31. 11211,1111112922101132221012931,
6013111271111121135· 23, 169, ,
(1011222, 1111112111, 33. 11211, 1121122122 21, 1122122112, dr. 01,
021112412161 162

 

