476

0666646, 11166663, 649

0666646, 11663766, 1646, 364.
06614664, Sir 1163166141, Ka, 649
06666636, Peter, 77, 95.

06666636, Thomas, 473.

06666636, Thomas, junior, 455, 457.
0446144411. Thomas, 444. 446 443
06613, Nicholaa, 334.

0614, R er, 458

06161666, 667.

061636666, 11631363

061636666, ames, 63

0616674746, 1111646, 63.

06116, Thomas, 43146304466666, 497.
0611636, 11166636, 365.

0611646, 1116134336, 1166161, son 61, 365.
061167,1666, 365.

061167, Κ6661344, 335.

811331ξῖ446. 336 367. 400, ⁴³5·

Colvelle, 1166631, 359

6046344, amen, 4⁶³·

Combe, 11644444. 77. 447. 434. 446

0616616261613646, 339

06644663 Lana, the, 449,473, 175,
434. 463. 464. 466 484. 343. 346.

3794 4032 425, 443. 449. 461·
0661461666, 363

066146111613636, 345.

066146, william, 135.

Cophill, 137.

Copin, son 61 Absalom, 464.
Copin, John, 89.

Corhayle, 1164669

06366716, Ρ6163, 9, 43, 45.
0631447663, Thomas, 381.
063163, Simon, 277, 679.
06346116, the 11666366 61, 369
0636474311, 116661463 61 1136 1166147 61,

0631496611, 1116146341, ΕΙ. 61, 7.
066666, 11466636, 345.

06611636, 1116663661, 43, 45.
06346366, vid. 066366

06666611, 11166636, 665.

0644416144. 443. 443· ,

06634, 1666, 16633637, 447416 61, 443,

0664τὲ 16146, Martha, mother-in-law
0661116666 41114313 445.
0661146364, 665.

INDEX

06373463, Roffia

13114111. ²⁰⁷·

0366666, H 1466, 457.

0366666466· 661467 66, 7.

cappe», 1141144444. 396. 367.

Cross, John, 637.

0364616, 667

0366666, Thomas 64, 367, 469, 337-
145, 141171. ¹75, 177, 4594

03666136, Thomas at, johanna, 347116
3374331437-444. 454. 444456 463.

06664, william, 457.

Col, Michael, 455, 457.

Col, 1116666104676643116 ο1,3 55, 457.

06661, william, 65.

0636664, william de, 437.

0433663, John, 663

0631163, Thomas, 473.

1136616666, 669
11666, 1116136166, 669
11666, 11166636, 669
11666, 1166634, 669
11666, Thomas, 669
116416, William, 669
116167, 16136, 464.
116666, william, 34.
Daniel, Simon, 458.
Dare ,1441444 47.
1163611, Ρ6163, 637.
11Ἀ3366166, 11166636, 3
11633611, 16136, 485.
1166666, Ρ6163, 434.
11677, Martia, 677-679
1164466, 16146, 467, 468.
11637446, Thomas (6311661463), 363,
786. 463 444. 443. 444.
321413ἒ21ἒ46136163, 67.
11611 ’Ward, 97, 445.
Deoia, 1666, 77.
Denis, Luke, son 61, 457.
116666, John, 197.
116666, Thomas 66, 457.
1144444. william de, 65. 73. aa 63.

11646663, 4136, at Merdeo, 665.

6633134416347646
1164463, 1146136411. 357·
11636366 Ward, 63 Derreman, 99,

107, 231, 233.

 

